76561195846901106
76561191815135389
76561194916807601
76561191028130319
76561197753019400
76561195676623601
76561198969106449
76561197794541448
76561194547236849
76561191857296379
76561198537342980
76561199760018641
76561194478389041
76561191699237944
76561199963763405
76561194832851886
76561196255924177
76561194802398440
76561199395084023
76561198237720394
76561193509334478
76561198030566351
76561196424563428
76561194812582768
76561193542424849
76561198435087754
76561192564992584
76561197712896054
76561193888749144
76561192294382043
76561194612500656
76561192525531329
76561192388738620
76561199323250597
76561193493097603
76561197044204472
76561196641252069
76561194209653778
76561197825116022
76561194255172083
76561192095036240
76561197457048503
76561192898242904
76561198520734826
76561197796304928
76561194726995647
76561193756273694
76561194875409635
76561194962688635
76561195612436127
76561195857332130
76561191836003416
76561196172162972
76561195394117766
76561199441770568
76561198380170139
76561194252827690
76561191433590928
76561197117132554
76561194140685166
76561191043976285
76561199847334078
76561193465000119
76561193423882965
76561192444503117
76561193474027236
76561191206418987
76561195816692197
76561196259673500
76561199619644805
76561195274624122
76561193193087590
76561198654317425
76561192059972135
76561193867097985
76561196735298798
76561198315439963
76561191103612108
76561192998247862
76561199741004261
76561196760920348
76561198756211712
76561198585390611
76561192931744593
76561195222652624
76561199050916384
76561195381700413
76561197563254405
76561198927282522
76561196743073950
76561196306642615
76561192120615912
76561193407671924
76561195408019938
76561193694661758
76561199649618852
76561198513266893
76561195346082181
76561199258121929
76561196544903676 ​
76561199087137213
